1 2.033367941 11
1 1.152355224 5
1 0.680025796 4
1 3.232050322 23
1 4.940784672 28
1 2.050443076 12
1 1.992119857 10
1 1.424544372 14
1 2.279226995 14
1 2.567681572 19
1 0.233499791 3
1 2.543285059 14
1 5.826448126 37
1 3.339064727 27
1 5.199218788 31
1 2.949661821 25
1 2.363540000 16
1 0.944726381 9
1 0.329670102 5
1 1.513496603 12
1 1.433510824 9
1 0.489777034 5
1 2.906132615 22
1 2.139076067 13
1 0.481604008 7
1 1.990267561 14
1 3.395015288 33
1 4.423081864 33
1 3.299179306 23
1 6.176809071 39
