1 3.988496900 121
1 3.140769286 91
1 2.125379903 52
1 6.121292116 169
1 8.250230989 249
1 2.767034474 89
1 3.860863287 105
1 5.118780519 142
1 2.717095016 82
1 1.875177179 50
1 4.687664915 138
1 6.637342334 185
1 3.008180718 75
1 3.353207509 98
1 3.272004197 90
1 3.208940598 97
1 5.622443609 166
1 2.562223016 74
1 0.370689535 13
1 2.351099465 66
1 5.421190103 156
1 5.034527179 150
1 4.326895586 127
1 3.141168139 85
1 2.937449175 90
1 4.693244360 139
1 3.194475848 87
1 4.591244161 136
1 4.363543709 121
1 6.052819914 174
1 3.464705263 104
1 1.440895080 44
1 3.417938720 91
1 3.349525294 95
1 0.979677531 29
1 4.350925155 130
1 3.510790580 107
1 8.413581321 211
1 4.793826772 132
1 2.672741382 83
1 4.446975532 126
1 1.304560220 37
1 6.838049690 174
1 5.475108065 160
1 4.141082047 120
1 2.042904548 56
1 4.440534789 129
1 1.827784840 49
1 7.327734412 214
1 3.132142986 96
