1 0.013765814 88
1 0.004892083 60
1 0.019245000 203
1 0.008861497 107
1 0.012699730 234
1 0.008058352 157
1 0.004626982 64
1 0.004841570 86
1 0.015826721 288
1 0.011614646 215
1 0.007357103 111
1 0.010214313 173
1 0.004773692 29
1 0.012049010 251
1 0.003184823 29
1 0.007384988 115
1 0.012619871 216
1 0.011004250 187
1 0.004014011 41
1 0.014907974 305
1 0.008598976 169
1 0.007984889 155
1 0.013307135 259
1 0.012370190 166
1 0.008884725 141
1 0.006229352 96
1 0.012624769 195
1 0.007883800 140
1 0.010507702 201
1 0.008436072 102
1 0.010120185 212
1 0.015032735 309
1 0.009250554 140
1 0.004749666 74
1 0.006870315 113
1 0.005702686 89
1 0.013544550 193
1 0.011685349 240
1 0.005990213 120
1 0.015124300 275
1 0.005497598 107
1 0.014890916 298
1 0.010957068 235
1 0.006042179 92
1 0.013868799 240
1 0.014831624 252
1 0.011879906 237
1 0.012971120 190
1 0.008760748 175
1 0.006312065 137
