1 5.57344 438
2 2.83793 182
3 0.885159 52
4 0.699261 39
5 9.36509 733
6 0.596296 39
7 18.3965 1728
8 0.316293 19
9 5.91197 468
10 4.72225 351
11 5.29761 388
12 8.1336 675
13 1.07213 72
14 1.57703 103
15 7.19748 540
16 1.21053 77
17 3.00755 198
18 0.949631 55
19 0.51849 29
20 4.08405 283
21 0.617536 39
22 5.1574 390
23 4.96785 380
24 6.31203 500
25 2.958 216
26 0.336608 20
27 4.84077 389
28 5.05567 395
29 5.01364 389
30 2.27684 162
31 0.31941 19
32 3.99536 295
33 3.18921 208
34 2.16705 138
35 3.58851 259
36 10.1602 815
37 5.06351 387
38 6.19614 490
39 2.90748 209
40 10.7096 894
41 4.46847 337
42 1.18227 79
43 1.27932 87
44 3.14139 233
45 3.49301 265
46 5.62033 435
47 5.17205 373
48 2.79793 200
49 1.95752 134
50 0.64292 41
