1 0.00415989 3
2 0.00293009 3
3 0.00287037 3
4 0.00274548 3
5 0.00269833 3
6 0.00293212 3
7 0.00288525 3
8 0.00317829 3
9 0.00295974 3
10 0.0027691 3
11 0.00291172 3
12 0.00275337 3
13 0.00298455 3
14 0.00296909 3
15 0.00322407 3
16 0.00293861 3
17 0.00275277 3
18 0.00272041 3
19 0.00300467 3
20 0.00295442 3
21 0.0032146 3
22 0.00278399 3
23 0.00351013 3
24 0.00280713 3
25 0.00282268 3
26 0.00277174 3
27 0.0030314 3
28 0.0028131 3
29 0.00321331 3
30 0.00283909 3
31 0.00363008 3
32 0.00281671 3
33 0.00288936 3
34 0.00319446 3
35 0.00334804 3
36 0.00267207 3
37 0.00290756 3
38 0.00341947 3
39 0.00287761 3
40 0.00270944 3
41 0.00271235 3
42 0.00293687 3
43 0.00280421 3
44 0.00303686 3
45 0.00303029 3
46 0.00300711 3
47 0.00270347 3
48 0.00260388 3
49 0.00381283 3
50 0.00305094 3
