1 0.742097274 7
1 0.224441300 6
1 0.353705768 5
1 0.766668214 7
1 1.843364274 10
1 2.766309747 14
1 0.384857647 5
1 1.166471652 9
1 1.100659466 7
1 0.378300313 5
1 0.259509819 7
1 2.221181321 10
1 0.846665554 6
1 0.448052533 5
1 0.656467714 6
1 3.010057703 14
1 1.938357691 7
1 1.181471211 7
1 0.387753740 5
1 3.234079205 14
1 0.313944444 6
1 9.586364397 28
1 2.581090938 15
1 0.367824990 6
1 0.665638134 5
1 0.290434277 6
1 0.707552005 7
1 1.051351040 5
1 1.472915936 10
1 0.446165700 6
1 1.021935050 8
1 0.607654434 6
1 3.272940274 12
1 0.223337745 5
1 1.502008719 11
1 1.099894289 7
1 0.637516193 6
1 0.940320224 7
1 0.114123913 5
1 0.184874242 4
1 0.248486329 5
1 2.172756319 14
1 0.135644178 5
1 0.491305655 7
1 0.866599600 7
1 0.209004147 4
1 0.903066989 7
1 0.100852338 5
1 0.310642287 6
1 0.102786323 5
