1 0.842517402 36
1 0.529690135 36
1 0.628161336 47
1 0.747215531 34
1 1.906426993 133
1 1.000131600 68
1 0.797536691 38
1 0.677469233 37
1 1.346656171 71
1 1.232479466 66
1 0.580682244 30
1 0.518533762 30
1 0.296490631 14
1 0.214953795 38
1 0.932932105 50
1 1.202213607 64
1 0.859062685 61
1 0.181181448 31
1 0.285129530 18
1 0.771266668 52
1 1.258754433 81
1 0.931080378 46
1 0.580961604 32
1 0.593156115 75
1 0.591031219 26
1 1.077631278 56
1 1.032522817 64
1 1.300319640 92
1 0.614352987 34
1 1.575253083 113
1 0.762986503 37
1 0.541048499 31
1 1.468365478 93
1 1.460236482 71
1 0.640966555 41
1 0.701197940 40
1 1.245796187 75
1 1.015756832 67
1 1.326291734 79
1 1.055981692 72
1 0.616704769 44
1 0.661199550 37
1 1.753512020 95
1 0.622339438 38
1 1.205767616 90
1 0.879849913 40
1 1.037624515 74
1 0.448308400 15
1 0.973202024 48
1 1.014247131 52
