1 0.066900846 567
1 0.013034020 45
1 0.061919372 81
1 0.340468893 225
1 0.334321811 207
1 0.243031459 111
1 0.094228010 39
1 0.091467767 33
-1 0.304767480 419
1 0.362404373 209
1 0.157265943 57
-1 0.302230522 367
1 0.239254536 135
1 0.098789762 47
1 0.244751660 169
1 0.238624221 155
1 0.131107658 89
-1 0.303326060 333
-1 0.304595982 377
1 0.310679384 337
-1 0.304367629 329
-1 0.306024440 291
1 0.062573872 75
1 0.180907305 79
1 0.243458019 149
1 0.329618895 269
1 0.344702908 335
1 0.273358395 183
-1 0.300272133 301
1 0.316756575 271
1 0.315281071 267
-1 0.304581475 317
1 0.145093508 91
1 0.189880013 165
1 0.340835226 337
1 0.324693313 241
1 0.195461766 47
-1 0.301630216 341
-1 0.300879208 365
1 0.339549535 243
1 0.315382797 259
1 0.242765593 91
1 0.264322153 163
1 0.098148495 39
-1 0.300917514 381
-1 0.312473921 357
1 0.305783829 369
-1 0.306644469 367
1 0.306112583 153
1 0.235486587 231
