1 0.151261703 9
1 0.599408174 25
1 0.203654862 11
1 0.215837015 12
1 0.201174343 10
1 0.173309151 10
1 0.124014845 8
1 0.287389872 14
1 0.264532121 13
1 0.195323286 11
1 0.151903502 9
1 0.128899905 7
1 0.145105092 9
1 0.213762430 11
1 0.212957717 11
1 0.139042923 8
1 0.253610570 13
1 0.169201876 10
1 0.247357592 12
1 0.186615507 10
1 0.206726731 10
1 0.207569777 10
1 0.249144645 11
1 0.382880320 18
1 0.258334955 13
1 0.197029346 10
1 0.132397980 8
1 0.172495234 9
1 0.089029955 6
1 0.106215367 7
1 0.218158639 11
1 0.224028635 11
1 0.158930858 9
1 0.137968716 8
1 0.122360910 7
1 0.254718834 12
1 0.123929575 8
1 0.147381740 8
1 0.255763664 13
1 0.139315968 7
1 0.200983068 11
1 0.194549564 10
1 0.262345458 13
1 0.265593337 13
1 0.373583168 18
1 0.329513310 16
1 0.217709064 12
1 0.104758676 7
1 0.156117527 8
1 0.079181672 6
