1 9.05744 735
2 2.29367 153
3 9.92784 802
4 4.02877 277
5 2.9675 200
6 2.45253 164
7 5.38714 400
8 7.05813 563
9 7.77613 572
10 8.20619 615
11 6.48667 510
12 3.79297 270
13 4.38995 315
14 8.80601 698
15 4.43476 322
16 3.11015 222
17 8.38357 658
18 0.347174 19
19 6.65389 513
20 13.5901 1198
21 4.85553 332
22 3.62078 251
23 2.0363 140
24 9.40401 738
25 15.1151 1258
26 10.1939 804
27 5.16992 395
28 5.8605 449
29 2.2491 152
30 5.22047 389
31 5.55737 413
32 4.81412 358
33 7.47765 595
34 5.15042 355
35 0.0693727 4
36 0.375796 24
37 2.89788 198
38 9.63165 783
39 7.29068 569
40 11.2932 930
41 2.4671 167
42 15.0176 1329
43 8.32989 667
44 2.98685 213
45 4.98705 378
46 3.49566 251
47 6.08174 462
48 7.58766 596
49 3.47205 250
50 1.35211 88
