1 2.41173 8
2 5.43802 23
3 2.62013 13
4 1.40866 7
5 0.960168 5
6 1.84325 11
7 5.45848 23
8 2.66523 15
9 2.91561 13
10 5.98965 22
11 0.775279 7
12 0.222106 3
13 2.61511 12
14 1.04786 6
15 2.31146 9
16 1.1753 7
17 1.70422 10
18 1.64505 9
19 0.718718 6
20 3.86852 20
21 1.04275 5
22 0.632987 5
23 0.582507 4
24 0.703898 5
25 2.52604 10
26 2.24038 9
27 1.19795 6
28 2.1784 9
29 0.698409 5
30 1.60115 8
31 2.6007 13
32 2.05747 11
33 0.666261 5
34 1.92332 8
35 1.80767 10
36 2.07339 9
37 0.755167 5
38 0.82701 6
39 10.1563 44
40 5.07716 25
41 5.35895 24
42 0.745994 5
43 0.196415 3
44 0.293302 3
45 2.43994 15
46 4.55629 18
47 2.04686 8
48 0.780915 6
49 0.36627 3
50 0.745538 6
